27.189908696763787
28.784105982613504
29.66022904886087
29.924996662011285
29.589566835617422
30.41251109332663
31.229355696261564
31.99901102506982
31.676785434622204
31.999637356847217
32.547255726981284
31.9321879794681
31.21413063703481
32.48445424842918
31.984668286399337
32.43554569810336
33.309697829829325
31.28304441000252
33.6229412215583
32.88256970755364
33.16186653181549
32.04787932869409
33.95431039824159
33.387140106797276
33.84661758986686
33.35507994796428
33.90013179434161
33.77169201902713
30.830793288834563
33.29547798598182
33.729870227674276
34.37066578131589
33.846922925198434
34.57384648517558
34.06006032847201
34.72560296528176
32.34533730917249
33.93963784805445
34.36131061366974
34.719893793577555
34.19604030868868
34.859606580017946
34.511106202967255
34.46407311532908
34.84422905622208
33.57724715589761
34.05907979843919
33.409025036875505
34.2842203783189
34.46882416850324
34.332457085780284
34.57440013660885
33.365183201776716
